

x0 = 0;
x1 - 1;
x2 = 2.5

%f(x) = 2 at x = 2.3



